              precision    recall  f1-score   support

 其他垃圾/一次性快餐盒     0.7143    0.6897    0.7018        29
   其他垃圾/污损塑料     0.7692    0.9259    0.8403        54
    厨余垃圾/茶叶渣     0.9286    0.9286    0.9286        56
   厨余垃圾/菜叶菜根     0.9773    0.7963    0.8776       108
     厨余垃圾/蛋壳     0.7544    0.8958    0.8190        48
     厨余垃圾/鱼骨     0.9388    0.7797    0.8519        59
    可回收物/充电宝     0.6438    0.9038    0.7520        52
      可回收物/包     0.8772    0.8197    0.8475        61
   可回收物/化妆品瓶     0.4881    0.8039    0.6074        51
   可回收物/塑料玩具     0.9231    0.8182    0.8675        44
   可回收物/塑料碗盆     0.7164    0.9231    0.8067        52
   可回收物/塑料衣架     0.9048    0.8444    0.8736        45
     其他垃圾/烟蒂     0.8444    0.9500    0.8941        40
   可回收物/快递纸袋     0.8000    0.8750    0.8358        32
   可回收物/插头电线     0.9545    0.4330    0.5957        97
    可回收物/旧衣服     0.9762    0.7593    0.8542        54
    可回收物/易拉罐     0.7812    0.5682    0.6579        44
     可回收物/枕头     0.6562    0.9130    0.7636        46
   可回收物/毛绒玩具     1.0000    0.7901    0.8828        81
   可回收物/洗发水瓶     0.7500    0.7647    0.7573        51
    可回收物/玻璃杯     0.7619    0.6154    0.6809        78
     可回收物/皮鞋     0.8929    0.9091    0.9009        55
     可回收物/砧板     0.9375    0.7500    0.8333        60
     其他垃圾/牙签     0.6667    0.7273    0.6957        11
    可回收物/纸板箱     0.8182    0.9783    0.8911        46
    可回收物/调料瓶     0.7222    0.6000    0.6555        65
     可回收物/酒瓶     0.6923    0.9000    0.7826        40
  可回收物/金属食品罐     0.6250    0.7609    0.6863        46
      可回收物/锅     0.8750    0.7368    0.8000        57
   可回收物/食用油桶     0.9130    0.8235    0.8660        51
    可回收物/饮料瓶     0.5435    0.6579    0.5952        38
    有害垃圾/干电池     0.8667    0.8478    0.8571        46
     有害垃圾/软膏     0.7353    0.8772    0.8000        57
   有害垃圾/过期药物     0.7818    0.6719    0.7227        64
其他垃圾/破碎花盆及碟碗     0.5833    0.8750    0.7000        56
     其他垃圾/竹筷     0.8636    0.9268    0.8941        41
   厨余垃圾/剩饭剩菜     0.8596    0.8596    0.8596        57
    厨余垃圾/大骨头     0.8148    0.8462    0.8302        52
   厨余垃圾/水果果皮     0.7447    0.6364    0.6863        55
   厨余垃圾/水果果肉     0.7419    0.8214    0.7797        56

    accuracy                         0.7888      2135
   macro avg     0.7960    0.8001    0.7883      2135
weighted avg     0.8123    0.7888    0.7887      2135
